         -0.179066          0.750237
         -0.178929          0.750237
         -0.178792          0.750237
         -0.178655          0.750237
         -0.178518          0.750237
         -0.178381          0.750237
         -0.178244          0.750237
         -0.178107          0.750237
          -0.17797          0.750237
         -0.177833          0.750237
         -0.177696          0.750237
         -0.177559          0.750237
         -0.177422          0.750237
         -0.177285          0.750237
         -0.177148          0.750237
         -0.177011          0.750237
         -0.176874          0.750237
         -0.176737          0.750237
           -0.1766          0.750237
         -0.176463          0.750237
         -0.176326          0.750237
         -0.176189          0.750237
         -0.176052          0.750237
         -0.175915          0.750237
         -0.175777          0.750237
          -0.17564          0.750237
         -0.175503          0.750237
         -0.175366          0.750237
         -0.175229          0.750237
         -0.175092          0.750237
         -0.174955          0.750237
         -0.174818          0.750237
         -0.174681          0.750237
         -0.174544          0.750237
         -0.174407          0.750237
          -0.17427          0.750237
         -0.174133          0.750237
         -0.173996          0.750237
         -0.173859          0.750237
         -0.173722          0.750237
         -0.173585          0.750237
         -0.173448          0.750237
         -0.173311          0.750237
         -0.173174          0.750237
         -0.173037          0.750237
           -0.1729          0.750237
         -0.172763          0.750237
         -0.172626          0.750237
         -0.172488          0.750237
         -0.172351          0.750237
         -0.172214          0.750237
         -0.172077          0.750237
          -0.17194          0.750237
         -0.171803          0.750237
         -0.171666          0.750237
         -0.171529          0.750237
         -0.171392          0.750237
         -0.171255          0.750237
         -0.171118          0.750237
         -0.170981          0.750237
         -0.170844          0.750237
         -0.170707          0.750237
          -0.17057          0.750237
         -0.170433          0.750237
         -0.170296          0.750237
         -0.170159          0.750237
         -0.170022          0.750237
         -0.169885          0.750237
         -0.169748          0.750237
         -0.169611          0.750237
         -0.169474          0.750237
         -0.169337          0.750237
         -0.169199          0.750237
         -0.169062          0.750237
         -0.168925          0.750237
         -0.168788          0.750237
         -0.168651          0.750237
         -0.168514          0.750237
         -0.168377          0.750237
          -0.16824          0.750237
         -0.168103          0.750237
         -0.167966          0.750237
         -0.167829          0.750237
         -0.167692          0.750237
         -0.167555          0.750237
         -0.167418          0.750237
         -0.167281          0.750236
         -0.167144          0.750236
         -0.167007          0.750236
          -0.16687          0.750236
         -0.166733          0.750236
         -0.166596          0.750236
         -0.166459          0.750236
         -0.166322          0.750236
         -0.166185          0.750236
         -0.166047          0.750236
          -0.16591          0.750236
         -0.165773          0.750236
         -0.165636          0.750236
         -0.165499          0.750236
         -0.165362          0.750236
         -0.165225          0.750236
         -0.165088          0.750236
         -0.164951          0.750236
         -0.164814          0.750236
         -0.164677          0.750236
          -0.16454          0.750236
         -0.164403          0.750236
         -0.164266          0.750236
         -0.164129          0.750235
         -0.163992          0.750235
         -0.163855          0.750235
         -0.163718          0.750235
         -0.163581          0.750235
         -0.163444          0.750235
         -0.163307          0.750235
          -0.16317          0.750235
         -0.163033          0.750235
         -0.162896          0.750235
         -0.162758          0.750235
         -0.162621          0.750235
         -0.162484          0.750235
         -0.162347          0.750235
          -0.16221          0.750235
         -0.162073          0.750234
         -0.161936          0.750234
         -0.161799          0.750234
         -0.161662          0.750234
         -0.161525          0.750234
         -0.161388          0.750234
         -0.161251          0.750234
         -0.161114          0.750234
         -0.160977          0.750234
          -0.16084          0.750234
         -0.160703          0.750233
         -0.160566          0.750233
         -0.160429          0.750233
         -0.160292          0.750233
         -0.160155          0.750233
         -0.160018          0.750233
         -0.159881          0.750233
         -0.159744          0.750233
         -0.159607          0.750233
         -0.159469          0.750232
         -0.159332          0.750232
         -0.159195          0.750232
         -0.159058          0.750232
         -0.158921          0.750232
         -0.158784          0.750232
         -0.158647          0.750232
          -0.15851          0.750231
         -0.158373          0.750231
         -0.158236          0.750231
         -0.158099          0.750231
         -0.157962          0.750231
         -0.157825          0.750231
         -0.157688           0.75023
         -0.157551           0.75023
         -0.157414           0.75023
         -0.157277           0.75023
          -0.15714           0.75023
         -0.157003           0.75023
         -0.156866          0.750229
         -0.156729          0.750229
         -0.156592          0.750229
         -0.156455          0.750229
         -0.156318          0.750229
          -0.15618          0.750228
         -0.156043          0.750228
         -0.155906          0.750228
         -0.155769          0.750228
         -0.155632          0.750227
         -0.155495          0.750227
         -0.155358          0.750227
         -0.155221          0.750227
         -0.155084          0.750227
         -0.154947          0.750226
          -0.15481          0.750226
         -0.154673          0.750226
         -0.154536          0.750226
         -0.154399          0.750225
         -0.154262          0.750225
         -0.154125          0.750225
         -0.153988          0.750224
         -0.153851          0.750224
         -0.153714          0.750224
         -0.153577          0.750224
          -0.15344          0.750223
         -0.153303          0.750223
         -0.153166          0.750223
         -0.153028          0.750222
         -0.152891          0.750222
         -0.152754          0.750222
         -0.152617          0.750221
          -0.15248          0.750221
         -0.152343          0.750221
         -0.152206           0.75022
         -0.152069           0.75022
         -0.151932          0.750219
         -0.151795          0.750219
         -0.151658          0.750219
         -0.151521          0.750218
         -0.151384          0.750218
         -0.151247          0.750217
          -0.15111          0.750217
         -0.150973          0.750217
         -0.150836          0.750216
         -0.150699          0.750216
         -0.150562          0.750215
         -0.150425          0.750215
         -0.150288          0.750214
         -0.150151          0.750214
         -0.150014          0.750213
         -0.149877          0.750213
         -0.149739          0.750212
         -0.149602          0.750212
         -0.149465          0.750211
         -0.149328          0.750211
         -0.149191           0.75021
         -0.149054           0.75021
         -0.148917          0.750209
          -0.14878          0.750209
         -0.148643          0.750208
         -0.148506          0.750207
         -0.148369          0.750207
         -0.148232          0.750206
         -0.148095          0.750206
         -0.147958          0.750205
         -0.147821          0.750204
         -0.147684          0.750204
         -0.147547          0.750203
          -0.14741          0.750202
         -0.147273          0.750202
         -0.147136          0.750201
         -0.146999            0.7502
         -0.146862            0.7502
         -0.146725          0.750199
         -0.146588          0.750198
          -0.14645          0.750197
         -0.146313          0.750197
         -0.146176          0.750196
         -0.146039          0.750195
         -0.145902          0.750194
         -0.145765          0.750193
         -0.145628          0.750193
         -0.145491          0.750192
         -0.145354          0.750191
         -0.145217           0.75019
          -0.14508          0.750189
         -0.144943          0.750188
         -0.144806          0.750187
         -0.144669          0.750186
         -0.144532          0.750186
         -0.144395          0.750185
         -0.144258          0.750184
         -0.144121          0.750183
         -0.143984          0.750182
         -0.143847          0.750181
          -0.14371           0.75018
         -0.143573          0.750178
         -0.143436          0.750177
         -0.143299          0.750176
         -0.143162          0.750175
         -0.143024          0.750174
         -0.142887          0.750173
          -0.14275          0.750172
         -0.142613          0.750171
         -0.142476          0.750169
         -0.142339          0.750168
         -0.142202          0.750167
         -0.142065          0.750166
         -0.141928          0.750164
         -0.141791          0.750163
         -0.141654          0.750162
         -0.141517           0.75016
          -0.14138          0.750159
         -0.141243          0.750158
         -0.141106          0.750156
         -0.140969          0.750155
         -0.140832          0.750153
         -0.140695          0.750152
         -0.140558           0.75015
         -0.140421          0.750149
         -0.140284          0.750147
         -0.140147          0.750146
          -0.14001          0.750144
         -0.139873          0.750143
         -0.139736          0.750141
         -0.139598          0.750139
         -0.139461          0.750138
         -0.139324          0.750136
         -0.139187          0.750134
          -0.13905          0.750132
         -0.138913          0.750131
         -0.138776          0.750129
         -0.138639          0.750127
         -0.138502          0.750125
         -0.138365          0.750123
         -0.138228          0.750121
         -0.138091          0.750119
         -0.137954          0.750117
         -0.137817          0.750115
          -0.13768          0.750113
         -0.137543          0.750111
         -0.137406          0.750109
         -0.137269          0.750107
         -0.137132          0.750105
         -0.136995          0.750103
         -0.136858            0.7501
         -0.136721          0.750098
         -0.136584          0.750096
         -0.136447          0.750093
          -0.13631          0.750091
         -0.136172          0.750089
         -0.136035          0.750086
         -0.135898          0.750084
         -0.135761          0.750081
         -0.135624          0.750079
         -0.135487          0.750076
          -0.13535          0.750073
         -0.135213          0.750071
         -0.135076          0.750068
         -0.134939          0.750065
         -0.134802          0.750062
         -0.134665           0.75006
         -0.134528          0.750057
         -0.134391          0.750054
         -0.134254          0.750051
         -0.134117          0.750048
          -0.13398          0.750045
         -0.133843          0.750042
         -0.133706          0.750039
         -0.133569          0.750035
         -0.133432          0.750032
         -0.133295          0.750029
         -0.133158          0.750026
         -0.133021          0.750022
         -0.132884          0.750019
         -0.132747          0.750015
         -0.132609          0.750012
         -0.132472          0.750008
         -0.132335          0.750005
         -0.132198          0.750001
         -0.132061          0.749997
         -0.131924          0.749994
         -0.131787           0.74999
          -0.13165          0.749986
         -0.131513          0.749982
         -0.131376          0.749978
         -0.131239          0.749974
         -0.131102           0.74997
         -0.130965          0.749966
         -0.130828          0.749961
         -0.130691          0.749957
         -0.130554          0.749953
         -0.130417          0.749948
          -0.13028          0.749944
         -0.130143           0.74994
         -0.130006          0.749935
         -0.129869           0.74993
         -0.129732          0.749926
         -0.129595          0.749921
         -0.129458          0.749916
         -0.129321          0.749911
         -0.129184          0.749906
         -0.129047          0.749901
         -0.128909          0.749896
         -0.128772          0.749891
         -0.128635          0.749886
         -0.128498           0.74988
         -0.128361          0.749875
         -0.128224          0.749869
         -0.128087          0.749864
          -0.12795          0.749858
         -0.127813          0.749853
         -0.127676          0.749847
         -0.127539          0.749841
         -0.127402          0.749835
         -0.127265          0.749829
         -0.127128          0.749823
         -0.126991          0.749817
         -0.126854          0.749811
         -0.126717          0.749804
          -0.12658          0.749798
         -0.126443          0.749791
         -0.126306          0.749785
         -0.126169          0.749778
         -0.126032          0.749771
         -0.125895          0.749764
         -0.125758          0.749757
         -0.125621           0.74975
         -0.125484          0.749743
         -0.125347          0.749736
          -0.12521          0.749729
         -0.125073          0.749721
         -0.124936          0.749714
         -0.124799          0.749706
         -0.124661          0.749698
         -0.124524          0.749691
         -0.124387          0.749683
          -0.12425          0.749675
         -0.124113          0.749667
         -0.123976          0.749658
         -0.123839           0.74965
         -0.123702          0.749641
         -0.123565          0.749633
         -0.123428          0.749624
         -0.123291          0.749615
         -0.123154          0.749607
         -0.123017          0.749598
          -0.12288          0.749588
         -0.122743          0.749579
         -0.122606           0.74957
         -0.122469           0.74956
         -0.122332          0.749551
         -0.122195          0.749541
         -0.122058          0.749531
         -0.121921          0.749521
         -0.121784          0.749511
         -0.121647          0.749501
          -0.12151           0.74949
         -0.121373           0.74948
         -0.121236          0.749469
         -0.121099          0.749459
         -0.120962          0.749448
         -0.120825          0.749437
         -0.120688          0.749425
         -0.120551          0.749414
         -0.120414          0.749403
         -0.120277          0.749391
          -0.12014          0.749379
         -0.120003          0.749367
         -0.119866          0.749355
         -0.119728          0.749343
         -0.119591          0.749331
         -0.119454          0.749318
         -0.119317          0.749306
          -0.11918          0.749293
         -0.119043           0.74928
         -0.118906          0.749267
         -0.118769          0.749253
         -0.118632           0.74924
         -0.118495          0.749226
         -0.118358          0.749213
         -0.118221          0.749199
         -0.118084          0.749185
         -0.117947           0.74917
          -0.11781          0.749156
         -0.117673          0.749141
         -0.117536          0.749126
         -0.117399          0.749111
         -0.117262          0.749096
         -0.117125          0.749081
         -0.116988          0.749065
         -0.116851           0.74905
         -0.116714          0.749034
         -0.116577          0.749018
          -0.11644          0.749001
         -0.116303          0.748985
         -0.116166          0.748968
         -0.116029          0.748951
         -0.115892          0.748934
         -0.115755          0.748917
         -0.115618          0.748899
         -0.115481          0.748882
         -0.115344          0.748864
         -0.115207          0.748846
          -0.11507          0.748827
         -0.114933          0.748809
         -0.114796           0.74879
         -0.114659          0.748771
         -0.114522          0.748752
         -0.114385          0.748732
         -0.114248          0.748713
         -0.114111          0.748693
         -0.113974          0.748673
         -0.113837          0.748652
           -0.1137          0.748632
         -0.113563          0.748611
         -0.113426           0.74859
         -0.113289          0.748569
         -0.113152          0.748547
         -0.113015          0.748525
         -0.112878          0.748503
         -0.112741          0.748481
         -0.112604          0.748459
         -0.112467          0.748436
          -0.11233          0.748413
         -0.112193           0.74839
         -0.112056          0.748366
         -0.111919          0.748342
         -0.111782          0.748318
         -0.111645          0.748294
         -0.111508          0.748269
         -0.111371          0.748244
         -0.111234          0.748219
         -0.111097          0.748194
          -0.11096          0.748168
         -0.110823          0.748142
         -0.110686          0.748116
         -0.110549           0.74809
         -0.110412          0.748063
         -0.110275          0.748036
         -0.110138          0.748008
         -0.110001          0.747981
         -0.109864          0.747953
         -0.109727          0.747924
          -0.10959          0.747896
         -0.109453          0.747867
         -0.109316          0.747838
         -0.109179          0.747808
         -0.109042          0.747778
         -0.108905          0.747748
         -0.108768          0.747718
         -0.108631          0.747687
         -0.108494          0.747656
         -0.108357          0.747624
          -0.10822          0.747593
         -0.108083          0.747561
         -0.107946          0.747528
         -0.107809          0.747496
         -0.107672          0.747463
         -0.107535          0.747429
         -0.107398          0.747396
         -0.107261          0.747361
         -0.107124          0.747327
         -0.106987          0.747292
          -0.10685          0.747257
         -0.106713          0.747222
         -0.106576          0.747186
         -0.106439           0.74715
         -0.106302          0.747113
         -0.106165          0.747077
         -0.106028          0.747039
         -0.105891          0.747002
         -0.105754          0.746964
         -0.105617          0.746926
          -0.10548          0.746887
         -0.105343          0.746848
         -0.105206          0.746808
         -0.105069          0.746769
         -0.104932          0.746729
         -0.104795          0.746688
         -0.104659          0.746647
         -0.104522          0.746606
         -0.104385          0.746564
         -0.104248          0.746522
         -0.104111           0.74648
         -0.103974          0.746437
         -0.103837          0.746394
           -0.1037           0.74635
         -0.103563          0.746306
         -0.103426          0.746261
         -0.103289          0.746217
         -0.103152          0.746171
         -0.103015          0.746126
         -0.102878           0.74608
         -0.102741          0.746033
         -0.102604          0.745987
         -0.102467          0.745939
          -0.10233          0.745892
         -0.102193          0.745844
         -0.102056          0.745795
         -0.101919          0.745746
         -0.101782          0.745697
         -0.101646          0.745648
         -0.101509          0.745597
         -0.101372          0.745547
         -0.101235          0.745496
         -0.101098          0.745445
         -0.100961          0.745393
         -0.100824          0.745341
         -0.100687          0.745288
          -0.10055          0.745235
         -0.100413          0.745182
         -0.100276          0.745128
         -0.100139          0.745074
         -0.100002          0.745019
        -0.0998653          0.744964
        -0.0997284          0.744908
        -0.0995915          0.744852
        -0.0994546          0.744796
        -0.0993176          0.744739
        -0.0991807          0.744682
        -0.0990438          0.744624
        -0.0989069          0.744566
        -0.0987699          0.744508
         -0.098633          0.744449
        -0.0984961           0.74439
        -0.0983592           0.74433
        -0.0982223           0.74427
        -0.0980854          0.744209
        -0.0979485          0.744148
        -0.0978115          0.744087
        -0.0976746          0.744025
        -0.0975377          0.743963
        -0.0974008            0.7439
        -0.0972639          0.743837
         -0.097127          0.743773
        -0.0969901           0.74371
        -0.0968532          0.743645
        -0.0967163          0.743581
        -0.0965794          0.743516
        -0.0964425           0.74345
        -0.0963056          0.743384
        -0.0961687          0.743318
        -0.0960318          0.743251
        -0.0958949          0.743184
        -0.0957581          0.743117
        -0.0956212          0.743049
        -0.0954843          0.742981
        -0.0953474          0.742912
        -0.0952105          0.742843
        -0.0950736          0.742774
        -0.0949367          0.742704
        -0.0947999          0.742634
         -0.094663          0.742564
        -0.0945261          0.742493
        -0.0943892          0.742421
        -0.0942524           0.74235
        -0.0941155          0.742278
        -0.0939786          0.742206
        -0.0938418          0.742133
        -0.0937049           0.74206
         -0.093568          0.741987
        -0.0934312          0.741913
        -0.0932943           0.74184
        -0.0931574          0.741765
        -0.0930206          0.741691
        -0.0928837          0.741616
        -0.0927469          0.741541
          -0.09261          0.741465
        -0.0924732          0.741389
        -0.0923363          0.741313
        -0.0921995          0.741237
        -0.0920626           0.74116
        -0.0919258          0.741084
        -0.0917889          0.741006
        -0.0916521          0.740929
        -0.0915152          0.740851
        -0.0913784          0.740773
        -0.0912416          0.740695
        -0.0911047          0.740617
        -0.0909679          0.740538
        -0.0908311          0.740459
        -0.0906942           0.74038
        -0.0905574          0.740301
        -0.0904206          0.740221
        -0.0902838          0.740141
        -0.0901469          0.740061
        -0.0900101          0.739981
        -0.0898733          0.739901
        -0.0897365          0.739821
        -0.0895997           0.73974
        -0.0894628          0.739659
         -0.089326          0.739578
        -0.0891892          0.739497
        -0.0890524          0.739416
        -0.0889156          0.739335
        -0.0887788          0.739253
         -0.088642          0.739172
        -0.0885052           0.73909
        -0.0883684          0.739008
        -0.0882316          0.738927
        -0.0880948          0.738845
         -0.087958          0.738763
        -0.0878212          0.738681
        -0.0876844          0.738599
        -0.0875476          0.738517
        -0.0874108          0.738434
        -0.0872741          0.738352
        -0.0871373           0.73827
        -0.0870005          0.738188
        -0.0868637          0.738106
        -0.0867269          0.738024
        -0.0865902          0.737942
        -0.0864534          0.737859
        -0.0863166          0.737777
        -0.0861798          0.737695
        -0.0860431          0.737613
        -0.0859063          0.737532
        -0.0857695           0.73745
        -0.0856328          0.737368
         -0.085496          0.737286
        -0.0853593          0.737205
        -0.0852225          0.737124
        -0.0850857          0.737042
         -0.084949          0.736961
        -0.0848122           0.73688
        -0.0846755          0.736799
        -0.0845387          0.736719
         -0.084402          0.736638
        -0.0842652          0.736558
        -0.0841285          0.736478
        -0.0839917          0.736398
         -0.083855          0.736318
        -0.0837183          0.736239
        -0.0835815           0.73616
        -0.0834448          0.736081
        -0.0833081          0.736002
        -0.0831713          0.735923
        -0.0830346          0.735845
        -0.0828979          0.735767
        -0.0827611           0.73569
        -0.0826244          0.735612
        -0.0824877          0.735535
         -0.082351          0.735459
        -0.0822143          0.735382
        -0.0820775          0.735306
        -0.0819408           0.73523
        -0.0818041          0.735155
        -0.0816674           0.73508
        -0.0815307          0.735006
         -0.081394          0.734931
        -0.0812573          0.734858
        -0.0811206          0.734784
        -0.0809838          0.734711
        -0.0808471          0.734639
        -0.0807104          0.734567
        -0.0805737          0.734495
         -0.080437          0.734424
        -0.0803003          0.734353
        -0.0801637          0.734283
         -0.080027          0.734213
        -0.0798903          0.734144
        -0.0797536          0.734075
        -0.0796169          0.734007
        -0.0794802          0.733939
        -0.0793435          0.733871
        -0.0792068          0.733805
        -0.0790701          0.733739
        -0.0789335          0.733673
        -0.0787968          0.733608
        -0.0786601          0.733543
        -0.0785234          0.733479
        -0.0783867          0.733416
        -0.0782501          0.733353
        -0.0781134          0.733291
        -0.0779767          0.733229
        -0.0778401          0.733168
        -0.0777034          0.733108
        -0.0775667          0.733048
        -0.0774301          0.732989
        -0.0772934          0.732931
        -0.0771567          0.732873
        -0.0770201          0.732816
        -0.0768834          0.732759
        -0.0767467          0.732704
        -0.0766101          0.732648
        -0.0764734          0.732594
        -0.0763368           0.73254
        -0.0762001          0.732487
        -0.0760635          0.732435
        -0.0759268          0.732383
        -0.0757902          0.732332
        -0.0756535          0.732282
        -0.0755169          0.732233
        -0.0753802          0.732184
        -0.0752436          0.732136
        -0.0751069          0.732089
        -0.0749703          0.732042
        -0.0748336          0.731997
         -0.074697          0.731952
        -0.0745603          0.731908
        -0.0744237          0.731864
        -0.0742871          0.731822
        -0.0741504           0.73178
        -0.0740138          0.731739
        -0.0738771          0.731699
        -0.0737405           0.73166
        -0.0736039          0.731621
        -0.0734672          0.731583
        -0.0733306          0.731547
         -0.073194          0.731511
        -0.0730573          0.731475
        -0.0729207          0.731441
        -0.0727841          0.731407
        -0.0726474          0.731375
        -0.0725108          0.731343
        -0.0723742          0.731312
        -0.0722376          0.731282
        -0.0721009          0.731253
        -0.0719643          0.731224
        -0.0718277          0.731197
         -0.071691           0.73117
        -0.0715544          0.731144
        -0.0714178          0.731119
        -0.0712812          0.731096
        -0.0711446          0.731072
        -0.0710079           0.73105
        -0.0708713          0.731029
        -0.0707347          0.731009
        -0.0705981          0.730989
        -0.0704614          0.730971
        -0.0703248          0.730953
        -0.0701882          0.730936
        -0.0700516          0.730921
         -0.069915          0.730906
        -0.0697783          0.730892
        -0.0696417          0.730879
        -0.0695051          0.730867
        -0.0693685          0.730855
        -0.0692319          0.730845
        -0.0690952          0.730836
        -0.0689586          0.730828
         -0.068822           0.73082
        -0.0686854          0.730814
        -0.0685488          0.730808
        -0.0684122          0.730804
        -0.0682755            0.7308
        -0.0681389          0.730798
        -0.0680023          0.730796
        -0.0678657          0.730795
        -0.0677291          0.730796
        -0.0675925          0.730797
        -0.0674558          0.730799
        -0.0673192          0.730802
        -0.0671826          0.730806
         -0.067046          0.730812
        -0.0669094          0.730818
        -0.0667728          0.730825
        -0.0666361          0.730833
        -0.0664995          0.730842
        -0.0663629          0.730852
        -0.0662263          0.730863
        -0.0660897          0.730875
        -0.0659531          0.730888
        -0.0658164          0.730902
        -0.0656798          0.730916
        -0.0655432          0.730932
        -0.0654066          0.730949
          -0.06527          0.730967
        -0.0651333          0.730986
        -0.0649967          0.731006
        -0.0648601          0.731027
        -0.0647235          0.731048
        -0.0645868          0.731071
        -0.0644502          0.731095
        -0.0643136           0.73112
         -0.064177          0.731146
        -0.0640403          0.731173
        -0.0639037            0.7312
        -0.0637671          0.731229
        -0.0636305          0.731259
        -0.0634938           0.73129
        -0.0633572          0.731321
        -0.0632206          0.731354
         -0.063084          0.731388
        -0.0629473          0.731423
        -0.0628107          0.731458
        -0.0626741          0.731495
        -0.0625374          0.731533
        -0.0624008          0.731572
        -0.0622642          0.731611
        -0.0621275          0.731652
        -0.0619909          0.731694
        -0.0618542          0.731737
        -0.0617176           0.73178
         -0.061581          0.731825
        -0.0614443          0.731871
        -0.0613077          0.731917
         -0.061171          0.731965
        -0.0610344          0.732014
        -0.0608978          0.732063
        -0.0607611          0.732114
        -0.0606245          0.732166
        -0.0604878          0.732218
        -0.0603512          0.732272
        -0.0602145          0.732327
        -0.0600779          0.732382
        -0.0599412          0.732439
        -0.0598046          0.732497
        -0.0596679          0.732555
        -0.0595312          0.732615
        -0.0593946          0.732675
        -0.0592579          0.732737
        -0.0591213          0.732799
        -0.0589846          0.732863
        -0.0588479          0.732927
        -0.0587113          0.732993
        -0.0585746          0.733059
        -0.0584379          0.733127
        -0.0583013          0.733195
        -0.0581646          0.733264
        -0.0580279          0.733335
        -0.0578913          0.733406
        -0.0577546          0.733478
        -0.0576179          0.733552
        -0.0574812          0.733626
        -0.0573445          0.733701
        -0.0572079          0.733777
        -0.0570712          0.733854
        -0.0569345          0.733933
        -0.0567978          0.734012
        -0.0566611          0.734092
        -0.0565244          0.734173
        -0.0563877          0.734255
         -0.056251          0.734338
        -0.0561143          0.734421
        -0.0559776          0.734506
        -0.0558409          0.734592
        -0.0557042          0.734679
        -0.0555675          0.734766
        -0.0554308          0.734855
        -0.0552941          0.734945
        -0.0551574          0.735035
        -0.0550207          0.735127
         -0.054884          0.735219
        -0.0547473          0.735312
        -0.0546105          0.735406
        -0.0544738          0.735502
        -0.0543371          0.735598
        -0.0542004          0.735695
        -0.0540636          0.735793
        -0.0539269          0.735892
        -0.0537902          0.735992
        -0.0536534          0.736092
        -0.0535167          0.736194
          -0.05338          0.736297
        -0.0532432            0.7364
        -0.0531065          0.736505
        -0.0529697           0.73661
         -0.052833          0.736716
        -0.0526962          0.736823
        -0.0525595          0.736931
        -0.0524227           0.73704
         -0.052286           0.73715
        -0.0521492          0.737261
        -0.0520125          0.737373
        -0.0518757          0.737485
        -0.0517389          0.737599
        -0.0516022          0.737713
        -0.0514654          0.737828
        -0.0513286          0.737944
        -0.0511918          0.738061
        -0.0510551          0.738179
        -0.0509183          0.738298
        -0.0507815          0.738417
        -0.0506447          0.738538
        -0.0505079          0.738659
        -0.0503711          0.738781
        -0.0502343          0.738904
        -0.0500975          0.739028
        -0.0499607          0.739153
        -0.0498239          0.739279
        -0.0496871          0.739405
        -0.0495503          0.739532
        -0.0494135          0.739661
        -0.0492767           0.73979
        -0.0491399          0.739919
         -0.049003           0.74005
        -0.0488662          0.740182
        -0.0487294          0.740314
        -0.0485926          0.740447
        -0.0484557          0.740581
        -0.0483189          0.740716
        -0.0481821          0.740851
        -0.0480452          0.740988
        -0.0479084          0.741125
        -0.0477715          0.741263
        -0.0476347          0.741402
        -0.0474978          0.741542
         -0.047361          0.741682
        -0.0472241          0.741823
        -0.0470872          0.741965
        -0.0469504          0.742108
        -0.0468135          0.742251
        -0.0466766          0.742396
        -0.0465398          0.742541
        -0.0464029          0.742687
         -0.046266          0.742833
        -0.0461291          0.742981
        -0.0459922          0.743129
        -0.0458553          0.743278
        -0.0457184          0.743427
        -0.0455816          0.743578
        -0.0454447          0.743729
        -0.0453077          0.743881
        -0.0451708          0.744033
        -0.0450339          0.744187
         -0.044897          0.744341
        -0.0447601          0.744495
        -0.0446232          0.744651
        -0.0444863          0.744807
        -0.0443493          0.744964
        -0.0442124          0.745122
        -0.0440755           0.74528
        -0.0439385          0.745439
        -0.0438016          0.745599
        -0.0436646          0.745759
        -0.0435277           0.74592
        -0.0433907          0.746082
        -0.0432538          0.746244
        -0.0431168          0.746407
        -0.0429799          0.746571
        -0.0428429          0.746735
        -0.0427059            0.7469
         -0.042569          0.747066
         -0.042432          0.747232
         -0.042295          0.747399
         -0.042158          0.747566
         -0.042021          0.747734
         -0.041884          0.747903
         -0.041747          0.748072
        -0.0416101          0.748242
        -0.0414731          0.748413
         -0.041336          0.748584
         -0.041199          0.748756
         -0.041062          0.748928
         -0.040925          0.749101
         -0.040788          0.749275
         -0.040651          0.749449
        -0.0405139          0.749623
        -0.0403769          0.749799
        -0.0402399          0.749974
        -0.0401028          0.750151
        -0.0399658          0.750327
        -0.0398287          0.750505
        -0.0396917          0.750683
        -0.0395546          0.750861
        -0.0394176           0.75104
        -0.0392805          0.751219
        -0.0391435          0.751399
        -0.0390064          0.751579
        -0.0388693           0.75176
        -0.0387322          0.751942
        -0.0385952          0.752123
        -0.0384581          0.752306
         -0.038321          0.752488
        -0.0381839          0.752671
        -0.0380468          0.752855
        -0.0379097          0.753039
        -0.0377726          0.753224
        -0.0376355          0.753408
        -0.0374984          0.753594
        -0.0373613          0.753779
        -0.0372241          0.753966
         -0.037087          0.754152
        -0.0369499          0.754339
        -0.0368128          0.754526
        -0.0366756          0.754714
        -0.0365385          0.754902
        -0.0364013           0.75509
        -0.0362642          0.755279
         -0.036127          0.755468
        -0.0359899          0.755657
        -0.0358527          0.755847
        -0.0357156          0.756037
        -0.0355784          0.756227
        -0.0354412          0.756418
        -0.0353041          0.756609
        -0.0351669            0.7568
        -0.0350297          0.756991
        -0.0348925          0.757183
        -0.0347553          0.757375
        -0.0346181          0.757567
        -0.0344809          0.757759
        -0.0343437          0.757952
        -0.0342065          0.758145
        -0.0340693          0.758338
        -0.0339321          0.758531
        -0.0337949          0.758724
        -0.0336576          0.758918
        -0.0335204          0.759112
        -0.0333832          0.759306
        -0.0332459            0.7595
        -0.0331087          0.759694
        -0.0329715          0.759888
        -0.0328342          0.760083
         -0.032697          0.760277
        -0.0325597          0.760472
        -0.0324224          0.760667
        -0.0322852          0.760862
        -0.0321479          0.761057
        -0.0320106          0.761252
        -0.0318734          0.761447
        -0.0317361          0.761642
        -0.0315988          0.761837
        -0.0314615          0.762032
        -0.0313242          0.762227
        -0.0311869          0.762422
        -0.0310496          0.762617
        -0.0309123          0.762813
         -0.030775          0.763008
        -0.0306377          0.763203
        -0.0305004          0.763398
        -0.0303631          0.763593
        -0.0302257          0.763787
        -0.0300884          0.763982
        -0.0299511          0.764177
        -0.0298137          0.764371
        -0.0296764          0.764566
        -0.0295391           0.76476
        -0.0294017          0.764954
        -0.0292644          0.765148
         -0.029127          0.765342
        -0.0289896          0.765535
        -0.0288523          0.765729
        -0.0287149          0.765922
        -0.0285775          0.766115
        -0.0284402          0.766308
        -0.0283028          0.766501
        -0.0281654          0.766693
         -0.028028          0.766885
        -0.0278906          0.767077
        -0.0277532          0.767268
        -0.0276158          0.767459
        -0.0274784           0.76765
         -0.027341          0.767841
        -0.0272036          0.768031
        -0.0270662          0.768221
        -0.0269288          0.768411
        -0.0267913            0.7686
        -0.0266539          0.768789
        -0.0265165          0.768977
         -0.026379          0.769165
        -0.0262416          0.769353
        -0.0261042           0.76954
        -0.0259667          0.769727
        -0.0258293          0.769913
        -0.0256918          0.770099
        -0.0255544          0.770284
        -0.0254169          0.770469
        -0.0252794          0.770654
         -0.025142          0.770837
        -0.0250045          0.771021
         -0.024867          0.771204
        -0.0247295          0.771386
        -0.0245921          0.771568
        -0.0244546          0.771749
        -0.0243171           0.77193
        -0.0241796           0.77211
        -0.0240421          0.772289
        -0.0239046          0.772468
        -0.0237671          0.772646
        -0.0236296          0.772824
        -0.0234921          0.773001
        -0.0233545          0.773177
         -0.023217          0.773352
        -0.0230795          0.773527
         -0.022942          0.773702
        -0.0228044          0.773875
        -0.0226669          0.774048
        -0.0225294           0.77422
        -0.0223918          0.774391
        -0.0222543          0.774562
        -0.0221167          0.774732
        -0.0219792          0.774901
        -0.0218416          0.775069
        -0.0217041          0.775237
        -0.0215665          0.775404
        -0.0214289          0.775569
        -0.0212914          0.775735
        -0.0211538          0.775899
        -0.0210162          0.776062
        -0.0208787          0.776225
        -0.0207411          0.776387
        -0.0206035          0.776548
        -0.0204659          0.776708
        -0.0203283          0.776867
        -0.0201907          0.777025
        -0.0200531          0.777182
        -0.0199155          0.777339
        -0.0197779          0.777494
        -0.0196403          0.777649
        -0.0195027          0.777803
        -0.0193651          0.777955
        -0.0192275          0.778107
        -0.0190899          0.778258
        -0.0189522          0.778408
        -0.0188146          0.778557
         -0.018677          0.778705
        -0.0185394          0.778851
        -0.0184017          0.778997
        -0.0182641          0.779142
        -0.0181265          0.779286
        -0.0179888          0.779429
        -0.0178512          0.779571
        -0.0177135          0.779712
        -0.0175759          0.779851
        -0.0174382           0.77999
        -0.0173006          0.780128
        -0.0171629          0.780264
        -0.0170252            0.7804
        -0.0168876          0.780534
        -0.0167499          0.780668
        -0.0166122            0.7808
        -0.0164746          0.780931
        -0.0163369          0.781061
        -0.0161992          0.781191
        -0.0160615          0.781318
        -0.0159239          0.781445
        -0.0157862          0.781571
        -0.0156485          0.781696
        -0.0155108          0.781819
        -0.0153731          0.781942
        -0.0152354          0.782063
        -0.0150977          0.782183
          -0.01496          0.782302
        -0.0148223           0.78242
        -0.0146846          0.782537
        -0.0145469          0.782652
        -0.0144092          0.782767
        -0.0142715           0.78288
        -0.0141338          0.782992
        -0.0139961          0.783103
        -0.0138584          0.783213
        -0.0137206          0.783322
        -0.0135829          0.783429
        -0.0134452          0.783536
        -0.0133075          0.783641
        -0.0131697          0.783745
         -0.013032          0.783848
        -0.0128943          0.783949
        -0.0127565           0.78405
        -0.0126188          0.784149
        -0.0124811          0.784248
        -0.0123433          0.784345
        -0.0122056          0.784441
        -0.0120679          0.784535
        -0.0119301          0.784629
        -0.0117924          0.784721
        -0.0116546          0.784812
        -0.0115169          0.784903
        -0.0113791          0.784991
        -0.0112414          0.785079
        -0.0111036          0.785166
        -0.0109659          0.785251
        -0.0108281          0.785335
        -0.0106903          0.785418
        -0.0105526            0.7855
        -0.0104148          0.785581
         -0.010277           0.78566
        -0.0101393          0.785739
        -0.0100015          0.785816
       -0.00986374          0.785892
       -0.00972597          0.785967
        -0.0095882          0.786041
       -0.00945042          0.786113
       -0.00931265          0.786185
       -0.00917487          0.786255
       -0.00903709          0.786324
       -0.00889931          0.786392
       -0.00876153          0.786459
       -0.00862375          0.786525
       -0.00848597          0.786589
       -0.00834819          0.786653
        -0.0082104          0.786715
       -0.00807261          0.786776
       -0.00793483          0.786836
       -0.00779704          0.786895
       -0.00765925          0.786953
       -0.00752145           0.78701
       -0.00738366          0.787065
       -0.00724587           0.78712
       -0.00710807          0.787173
       -0.00697028          0.787225
       -0.00683248          0.787277
       -0.00669469          0.787327
       -0.00655689          0.787375
       -0.00641909          0.787423
       -0.00628129           0.78747
       -0.00614349          0.787516
       -0.00600568           0.78756
       -0.00586788          0.787604
       -0.00573008          0.787646
       -0.00559227          0.787687
       -0.00545447          0.787728
       -0.00531666          0.787767
       -0.00517885          0.787805
       -0.00504105          0.787842
       -0.00490324          0.787878
       -0.00476543          0.787913
       -0.00462762          0.787947
       -0.00448981          0.787979
         -0.004352          0.788011
       -0.00421419          0.788042
       -0.00407637          0.788072
       -0.00393856            0.7881
       -0.00380075          0.788128
       -0.00366293          0.788154
       -0.00352512           0.78818
       -0.00338731          0.788205
       -0.00324949          0.788228
       -0.00311167          0.788251
       -0.00297386          0.788272
       -0.00283604          0.788293
       -0.00269822          0.788312
       -0.00256041          0.788331
       -0.00242259          0.788348
       -0.00228477          0.788365
       -0.00214695           0.78838
       -0.00200914          0.788395
       -0.00187132          0.788408
        -0.0017335          0.788421
       -0.00159568          0.788432
       -0.00145786          0.788443
       -0.00132004          0.788453
       -0.00118222          0.788461
        -0.0010444          0.788469
      -0.000906578          0.788476
      -0.000768758          0.788482
      -0.000630938          0.788487
      -0.000493117          0.788491
      -0.000355296          0.788494
      -0.000217476          0.788496
      -7.96551e-05          0.788497
       5.81656e-05          0.788497
       0.000195986          0.788496
       0.000333807          0.788495
       0.000471628          0.788492
       0.000609448          0.788489
       0.000747269          0.788484
       0.000885089          0.788479
        0.00102291          0.788473
        0.00116073          0.788466
        0.00129855          0.788458
        0.00143637          0.788449
        0.00157419          0.788439
        0.00171201          0.788429
        0.00184983          0.788417
        0.00198765          0.788405
        0.00212547          0.788391
        0.00226328          0.788377
         0.0024011          0.788362
        0.00253892          0.788346
        0.00267674           0.78833
        0.00281456          0.788312
        0.00295237          0.788294
        0.00309019          0.788274
          0.003228          0.788254
        0.00336582          0.788233
        0.00350364          0.788211
        0.00364145          0.788189
        0.00377927          0.788165
        0.00391708          0.788141
        0.00405489          0.788116
        0.00419271           0.78809
        0.00433052          0.788063
        0.00446833          0.788036
        0.00460614          0.788007
        0.00474395          0.787978
        0.00488176          0.787948
        0.00501957          0.787917
        0.00515738          0.787886
        0.00529519          0.787853
          0.005433           0.78782
        0.00557081          0.787786
        0.00570861          0.787752
        0.00584642          0.787716
        0.00598422           0.78768
        0.00612203          0.787643
        0.00625983          0.787605
        0.00639763          0.787567
        0.00653544          0.787528
        0.00667324          0.787488
        0.00681104          0.787447
        0.00694884          0.787406
        0.00708664          0.787363
        0.00722444          0.787321
        0.00736223          0.787277
        0.00750003          0.787233
        0.00763783          0.787188
        0.00777562          0.787142
        0.00791341          0.787095
        0.00805121          0.787048
          0.008189             0.787
        0.00832679          0.786952
        0.00846458          0.786903
        0.00860237          0.786853
        0.00874016          0.786802
        0.00887795          0.786751
        0.00901573          0.786699
        0.00915352          0.786647
         0.0092913          0.786593
        0.00942908           0.78654
        0.00956687          0.786485
        0.00970465           0.78643
        0.00984243          0.786374
        0.00998021          0.786318
          0.010118          0.786261
         0.0102558          0.786204
         0.0103935          0.786146
         0.0105313          0.786087
         0.0106691          0.786027
         0.0108069          0.785968
         0.0109446          0.785907
         0.0110824          0.785846
         0.0112202          0.785784
         0.0113579          0.785722
         0.0114957           0.78566
         0.0116335          0.785596
         0.0117712          0.785533
          0.011909          0.785468
         0.0120468          0.785404
         0.0121845          0.785338
         0.0123223          0.785272
           0.01246          0.785206
         0.0125978          0.785139
         0.0127355          0.785072
         0.0128733          0.785004
          0.013011          0.784936
         0.0131488          0.784867
         0.0132865          0.784798
         0.0134243          0.784728
          0.013562          0.784658
         0.0136998          0.784588
         0.0138375          0.784517
         0.0139753          0.784446
          0.014113          0.784374
         0.0142507          0.784302
         0.0143885           0.78423
         0.0145262          0.784157
          0.014664          0.784084
         0.0148017           0.78401
         0.0149394          0.783936
         0.0150772          0.783862
         0.0152149          0.783787
         0.0153526          0.783713
         0.0154903          0.783637
         0.0156281          0.783562
         0.0157658          0.783486
         0.0159035           0.78341
         0.0160412          0.783334
          0.016179          0.783257
         0.0163167           0.78318
         0.0164544          0.783103
         0.0165921          0.783026
         0.0167298          0.782949
         0.0168675          0.782871
         0.0170052          0.782793
         0.0171429          0.782715
         0.0172806          0.782636
         0.0174184          0.782558
         0.0175561          0.782479
         0.0176938          0.782401
         0.0178315          0.782322
         0.0179692          0.782243
         0.0181069          0.782163
         0.0182446          0.782084
         0.0183822          0.782005
         0.0185199          0.781925
         0.0186576          0.781846
         0.0187953          0.781766
          0.018933          0.781686
         0.0190707          0.781607
         0.0192084          0.781527
         0.0193461          0.781447
         0.0194837          0.781368
         0.0196214          0.781288
         0.0197591          0.781208
         0.0198968          0.781128
         0.0200345          0.781049
         0.0201721          0.780969
         0.0203098          0.780889
         0.0204475           0.78081
         0.0205851           0.78073
         0.0207228          0.780651
         0.0208605          0.780572
         0.0209981          0.780493
         0.0211358          0.780414
         0.0212735          0.780335
         0.0214111          0.780256
         0.0215488          0.780177
         0.0216864          0.780099
         0.0218241          0.780021
         0.0219618          0.779943
         0.0220994          0.779865
         0.0222371          0.779787
         0.0223747           0.77971
         0.0225124          0.779632
           0.02265          0.779555
         0.0227876          0.779479
         0.0229253          0.779402
         0.0230629          0.779326
         0.0232006           0.77925
         0.0233382          0.779175
         0.0234758          0.779099
         0.0236135          0.779024
         0.0237511           0.77895
         0.0238887          0.778875
         0.0240264          0.778801
          0.024164          0.778728
         0.0243016          0.778655
         0.0244393          0.778582
         0.0245769          0.778509
         0.0247145          0.778437
         0.0248521          0.778365
         0.0249898          0.778294
         0.0251274          0.778223
          0.025265          0.778153
         0.0254026          0.778083
         0.0255402          0.778014
         0.0256778          0.777945
         0.0258155          0.777876
         0.0259531          0.777808
         0.0260907           0.77774
         0.0262283          0.777673
         0.0263659          0.777607
         0.0265035          0.777541
         0.0266411          0.777475
         0.0267787           0.77741
         0.0269163          0.777346
         0.0270539          0.777282
         0.0271915          0.777219
         0.0273291          0.777156
         0.0274667          0.777094
         0.0276043          0.777032
         0.0277419          0.776971
         0.0278795          0.776911
         0.0280171          0.776851
         0.0281547          0.776792
         0.0282923          0.776734
         0.0284298          0.776676
         0.0285674          0.776619
          0.028705          0.776562
         0.0288426          0.776506
         0.0289802          0.776451
         0.0291178          0.776397
         0.0292554          0.776343
         0.0293929           0.77629
         0.0295305          0.776237
         0.0296681          0.776186
         0.0298057          0.776135
         0.0299432          0.776084
         0.0300808          0.776035
         0.0302184          0.775986
          0.030356          0.775938
         0.0304935          0.775891
         0.0306311          0.775844
         0.0307687          0.775798
         0.0309063          0.775753
         0.0310438          0.775709
         0.0311814          0.775665
          0.031319          0.775623
         0.0314565          0.775581
         0.0315941           0.77554
         0.0317317          0.775499
         0.0318692           0.77546
         0.0320068          0.775421
         0.0321444          0.775383
         0.0322819          0.775346
         0.0324195           0.77531
          0.032557          0.775274
         0.0326946           0.77524
         0.0328322          0.775206
         0.0329697          0.775173
         0.0331073          0.775141
         0.0332448           0.77511
         0.0333824          0.775079
         0.0335199           0.77505
         0.0336575          0.775021
          0.033795          0.774994
         0.0339326          0.774967
         0.0340702          0.774941
         0.0342077          0.774916
         0.0343453          0.774891
         0.0344828          0.774868
         0.0346204          0.774846
         0.0347579          0.774824
         0.0348955          0.774804
          0.035033          0.774784
         0.0351706          0.774765
         0.0353081          0.774747
         0.0354457           0.77473
         0.0355832          0.774714
         0.0357208          0.774699
         0.0358583          0.774685
         0.0359959          0.774672
         0.0361334           0.77466
          0.036271          0.774648
         0.0364085          0.774638
          0.036546          0.774628
         0.0366836           0.77462
         0.0368211          0.774612
         0.0369587          0.774605
         0.0370962            0.7746
         0.0372338          0.774595
         0.0373713          0.774591
         0.0375089          0.774588
         0.0376464          0.774586
          0.037784          0.774586
         0.0379215          0.774586
         0.0380591          0.774587
         0.0381966          0.774589
         0.0383342          0.774592
         0.0384717          0.774596
         0.0386092            0.7746
         0.0387468          0.774606
         0.0388843          0.774613
         0.0390219          0.774621
         0.0391594           0.77463
          0.039297           0.77464
         0.0394345           0.77465
         0.0395721          0.774662
         0.0397096          0.774675
         0.0398472          0.774689
         0.0399847          0.774703
         0.0401223          0.774719
         0.0402598          0.774736
         0.0403974          0.774753
         0.0405349          0.774772
         0.0406725          0.774792
           0.04081          0.774812
         0.0409476          0.774834
         0.0410851          0.774857
         0.0412227           0.77488
         0.0413602          0.774905
         0.0414978          0.774931
         0.0416353          0.774957
         0.0417729          0.774985
         0.0419104          0.775013
          0.042048          0.775043
         0.0421855          0.775074
         0.0423231          0.775105
         0.0424607          0.775138
         0.0425982          0.775172
         0.0427358          0.775206
         0.0428733          0.775242
         0.0430109          0.775278
         0.0431485          0.775316
          0.043286          0.775355
         0.0434236          0.775394
         0.0435611          0.775435
         0.0436987          0.775476
         0.0438363          0.775519
         0.0439738          0.775563
         0.0441114          0.775607
          0.044249          0.775653
         0.0443865          0.775699
         0.0445241          0.775747
         0.0446617          0.775796
         0.0447992          0.775845
         0.0449368          0.775896
         0.0450744          0.775947
          0.045212             0.776
         0.0453495          0.776053
         0.0454871          0.776108
         0.0456247          0.776164
         0.0457623           0.77622
         0.0458998          0.776278
         0.0460374          0.776336
          0.046175          0.776396
         0.0463126          0.776456
         0.0464502          0.776518
         0.0465878           0.77658
         0.0467254          0.776644
         0.0468629          0.776708
         0.0470005          0.776773
         0.0471381           0.77684
         0.0472757          0.776907
         0.0474133          0.776976
         0.0475509          0.777045
         0.0476885          0.777115
         0.0478261          0.777187
         0.0479637          0.777259
         0.0481013          0.777332
         0.0482389          0.777406
         0.0483765          0.777482
         0.0485141          0.777558
         0.0486517          0.777635
         0.0487893          0.777713
         0.0489269          0.777792
         0.0490645          0.777872
         0.0492022          0.777953
         0.0493398          0.778035
         0.0494774          0.778118
          0.049615          0.778202
         0.0497526          0.778287
         0.0498902          0.778373
         0.0500279           0.77846
         0.0501655          0.778547
         0.0503031          0.778636
         0.0504407          0.778726
         0.0505784          0.778816
          0.050716          0.778908
         0.0508536             0.779
         0.0509913          0.779094
         0.0511289          0.779188
         0.0512665          0.779283
         0.0514042           0.77938
         0.0515418          0.779477
         0.0516795          0.779575
         0.0518171          0.779674
         0.0519548          0.779774
         0.0520924          0.779875
         0.0522301          0.779977
         0.0523677          0.780079
         0.0525054          0.780183
          0.052643          0.780288
         0.0527807          0.780393
         0.0529184            0.7805
          0.053056          0.780607
         0.0531937          0.780715
         0.0533314          0.780824
          0.053469          0.780934
         0.0536067          0.781045
         0.0537444          0.781157
         0.0538821           0.78127
         0.0540197          0.781384
         0.0541574          0.781498
         0.0542951          0.781614
         0.0544328           0.78173
         0.0545705          0.781847
         0.0547082          0.781965
         0.0548459          0.782084
         0.0549836          0.782204
         0.0551213          0.782325
          0.055259          0.782446
         0.0553967          0.782569
         0.0555344          0.782692
         0.0556721          0.782816
         0.0558098          0.782941
         0.0559475          0.783067
         0.0560852          0.783194
          0.056223          0.783321
         0.0563607           0.78345
         0.0564984          0.783579
         0.0566361          0.783709
         0.0567739           0.78384
         0.0569116          0.783972
         0.0570493          0.784105
         0.0571871          0.784238
         0.0573248          0.784372
         0.0574625          0.784508
         0.0576003          0.784644
          0.057738           0.78478
         0.0578758          0.784918
         0.0580135          0.785056
         0.0581513          0.785195
          0.058289          0.785335
         0.0584268          0.785476
         0.0585646          0.785618
         0.0587023           0.78576
         0.0588401          0.785903
         0.0589779          0.786047
         0.0591156          0.786192
         0.0592534          0.786337
         0.0593912          0.786484
          0.059529          0.786631
         0.0596668          0.786778
         0.0598046          0.786927
         0.0599423          0.787076
         0.0600801          0.787226
         0.0602179          0.787377
         0.0603557          0.787529
         0.0604935          0.787681
         0.0606314          0.787834
         0.0607692          0.787988
          0.060907          0.788142
         0.0610448          0.788298
         0.0611826          0.788453
         0.0613204           0.78861
         0.0614583          0.788767
         0.0615961          0.788925
         0.0617339          0.789084
         0.0618717          0.789244
         0.0620096          0.789404
         0.0621474          0.789565
         0.0622853          0.789726
         0.0624231          0.789888
          0.062561          0.790051
         0.0626988          0.790215
         0.0628367          0.790379
         0.0629745          0.790544
         0.0631124          0.790709
         0.0632503          0.790875
         0.0633881          0.791042
          0.063526          0.791209
         0.0636639          0.791378
         0.0638017          0.791546
         0.0639396          0.791715
         0.0640775          0.791885
         0.0642154          0.792056
         0.0643533          0.792227
         0.0644912          0.792399
         0.0646291          0.792571
          0.064767          0.792744
         0.0649049          0.792917
         0.0650428          0.793091
         0.0651807          0.793266
         0.0653186          0.793441
         0.0654565          0.793617
         0.0655945          0.793793
         0.0657324           0.79397
         0.0658703          0.794147
         0.0660082          0.794325
         0.0661462          0.794503
         0.0662841          0.794682
         0.0664221          0.794862
           0.06656          0.795042
          0.066698          0.795222
         0.0668359          0.795403
         0.0669739          0.795585
         0.0671118          0.795766
         0.0672498          0.795949
         0.0673877          0.796132
         0.0675257          0.796315
         0.0676637          0.796499
         0.0678017          0.796683
         0.0679396          0.796867
         0.0680776          0.797052
         0.0682156          0.797238
         0.0683536          0.797424
         0.0684916           0.79761
         0.0686296          0.797797
         0.0687676          0.797984
         0.0689056          0.798171
         0.0690436          0.798359
         0.0691816          0.798547
         0.0693196          0.798736
         0.0694577          0.798924
         0.0695957          0.799114
         0.0697337          0.799303
         0.0698717          0.799493
         0.0700098          0.799683
         0.0701478          0.799874
         0.0702858          0.800065
         0.0704239          0.800256
         0.0705619          0.800447
            0.0707          0.800639
          0.070838          0.800831
         0.0709761          0.801023
         0.0711142          0.801215
         0.0712522          0.801408
         0.0713903          0.801601
         0.0715284          0.801794
         0.0716664          0.801987
         0.0718045          0.802181
         0.0719426          0.802375
         0.0720807          0.802569
         0.0722188          0.802763
         0.0723569          0.802957
          0.072495          0.803151
         0.0726331          0.803346
         0.0727712          0.803541
         0.0729093          0.803736
         0.0730474          0.803931
         0.0731855          0.804126
         0.0733236          0.804321
         0.0734618          0.804516
         0.0735999          0.804711
          0.073738          0.804907
         0.0738762          0.805102
         0.0740143          0.805298
         0.0741524          0.805493
         0.0742906          0.805689
         0.0744287          0.805884
         0.0745669           0.80608
          0.074705          0.806276
         0.0748432          0.806471
         0.0749814          0.806667
         0.0751195          0.806862
         0.0752577          0.807058
         0.0753959          0.807253
         0.0755341          0.807448
         0.0756722          0.807644
         0.0758104          0.807839
         0.0759486          0.808034
         0.0760868          0.808229
          0.076225          0.808424
         0.0763632          0.808618
         0.0765014          0.808813
         0.0766396          0.809007
         0.0767778          0.809202
          0.076916          0.809396
         0.0770543          0.809589
         0.0771925          0.809783
         0.0773307          0.809977
         0.0774689           0.81017
         0.0776072          0.810363
         0.0777454          0.810556
         0.0778836          0.810748
         0.0780219           0.81094
         0.0781601          0.811132
         0.0782984          0.811324
         0.0784366          0.811515
         0.0785749          0.811706
         0.0787131          0.811897
         0.0788514          0.812087
         0.0789897          0.812277
         0.0791279          0.812467
         0.0792662          0.812656
         0.0794045          0.812845
         0.0795428          0.813034
         0.0796811          0.813222
         0.0798193           0.81341
         0.0799576          0.813597
         0.0800959          0.813784
         0.0802342           0.81397
         0.0803725          0.814156
         0.0805108          0.814342
         0.0806491          0.814526
         0.0807875          0.814711
         0.0809258          0.814895
         0.0810641          0.815078
         0.0812024          0.815261
         0.0813407          0.815444
         0.0814791          0.815626
         0.0816174          0.815807
         0.0817557          0.815988
         0.0818941          0.816168
         0.0820324          0.816348
         0.0821708          0.816527
         0.0823091          0.816705
         0.0824475          0.816883
         0.0825858           0.81706
         0.0827242          0.817236
         0.0828625          0.817412
         0.0830009          0.817587
         0.0831393          0.817762
         0.0832776          0.817936
          0.083416          0.818109
         0.0835544          0.818282
         0.0836928          0.818453
         0.0838311          0.818624
         0.0839695          0.818795
         0.0841079          0.818964
         0.0842463          0.819133
         0.0843847          0.819301
         0.0845231          0.819469
         0.0846615          0.819635
         0.0847999          0.819801
         0.0849383          0.819966
         0.0850767           0.82013
         0.0852151          0.820294
         0.0853536          0.820456
          0.085492          0.820618
         0.0856304          0.820779
         0.0857688          0.820939
         0.0859072          0.821099
         0.0860457          0.821257
         0.0861841          0.821415
         0.0863225          0.821572
          0.086461          0.821728
         0.0865994          0.821883
         0.0867379          0.822037
         0.0868763           0.82219
         0.0870148          0.822342
         0.0871532          0.822494
         0.0872917          0.822645
         0.0874301          0.822794
         0.0875686          0.822943
         0.0877071          0.823091
         0.0878455          0.823238
          0.087984          0.823384
         0.0881225          0.823529
         0.0882609          0.823673
         0.0883994          0.823816
         0.0885379          0.823959
         0.0886764            0.8241
         0.0888149           0.82424
         0.0889533           0.82438
         0.0890918          0.824518
         0.0892303          0.824656
         0.0893688          0.824792
         0.0895073          0.824928
         0.0896458          0.825063
         0.0897843          0.825196
         0.0899228          0.825329
         0.0900613          0.825461
         0.0901998          0.825591
         0.0903383          0.825721
         0.0904768           0.82585
         0.0906154          0.825978
         0.0907539          0.826104
         0.0908924           0.82623
         0.0910309          0.826355
         0.0911694          0.826479
          0.091308          0.826602
         0.0914465          0.826724
          0.091585          0.826845
         0.0917236          0.826964
         0.0918621          0.827083
         0.0920006          0.827201
         0.0921392          0.827318
         0.0922777          0.827434
         0.0924162          0.827549
         0.0925548          0.827663
         0.0926933          0.827776
         0.0928319          0.827888
         0.0929704          0.827999
          0.093109          0.828109
         0.0932475          0.828218
         0.0933861          0.828326
         0.0935247          0.828433
         0.0936632          0.828539
         0.0938018          0.828645
         0.0939403          0.828749
         0.0940789          0.828852
         0.0942175          0.828954
          0.094356          0.829055
         0.0944946          0.829156
         0.0946332          0.829255
         0.0947718          0.829354
         0.0949103          0.829451
         0.0950489          0.829548
         0.0951875          0.829643
         0.0953261          0.829738
         0.0954647          0.829832
         0.0956032          0.829924
         0.0957418          0.830016
         0.0958804          0.830107
          0.096019          0.830197
         0.0961576          0.830286
         0.0962962          0.830374
         0.0964348          0.830462
         0.0965734          0.830548
          0.096712          0.830633
         0.0968506          0.830718
         0.0969892          0.830802
         0.0971278          0.830884
         0.0972664          0.830966
          0.097405          0.831047
         0.0975436          0.831128
         0.0976822          0.831207
         0.0978208          0.831285
         0.0979594          0.831363
          0.098098           0.83144
         0.0982366          0.831516
         0.0983753          0.831591
         0.0985139          0.831665
         0.0986525          0.831738
         0.0987911          0.831811
         0.0989297          0.831883
         0.0990683          0.831953
          0.099207          0.832024
         0.0993456          0.832093
         0.0994842          0.832161
         0.0996228          0.832229
         0.0997615          0.832296
         0.0999001          0.832362
          0.100039          0.832428
          0.100177          0.832492
          0.100316          0.832556
          0.100455          0.832619
          0.100593          0.832682
          0.100732          0.832743
          0.100871          0.832804
          0.101009          0.832864
          0.101148          0.832924
          0.101286          0.832983
          0.101425          0.833041
          0.101564          0.833098
          0.101702          0.833155
          0.101841           0.83321
           0.10198          0.833266
          0.102118           0.83332
          0.102257          0.833374
          0.102396          0.833427
          0.102534           0.83348
          0.102673          0.833532
          0.102812          0.833583
           0.10295          0.833633
          0.103089          0.833683
          0.103227          0.833733
          0.103366          0.833781
          0.103505          0.833829
          0.103643          0.833877
          0.103782          0.833924
          0.103921           0.83397
          0.104059          0.834015
          0.104198           0.83406
          0.104337          0.834105
          0.104475          0.834149
          0.104614          0.834192
          0.104753          0.834235
          0.104891          0.834277
           0.10503          0.834318
          0.105169          0.834359
          0.105307            0.8344
          0.105446           0.83444
          0.105585          0.834479
          0.105723          0.834518
          0.105862          0.834556
          0.106001          0.834594
          0.106139          0.834632
          0.106278          0.834668
          0.106417          0.834705
          0.106555          0.834741
          0.106694          0.834776
          0.106833          0.834811
          0.106971          0.834845
           0.10711          0.834879
          0.107249          0.834912
          0.107387          0.834945
          0.107526          0.834978
          0.107665           0.83501
          0.107803          0.835042
          0.107942          0.835073
          0.108081          0.835103
          0.108219          0.835134
          0.108358          0.835164
          0.108497          0.835193
          0.108635          0.835222
          0.108774          0.835251
          0.108913          0.835279
          0.109051          0.835307
           0.10919          0.835334
          0.109329          0.835361
          0.109468          0.835388
          0.109606          0.835414
          0.109745           0.83544
          0.109884          0.835465
          0.110022           0.83549
          0.110161          0.835515
            0.1103           0.83554
          0.110438          0.835564
          0.110577          0.835587
          0.110716          0.835611
          0.110854          0.835634
          0.110993          0.835656
          0.111132          0.835678
           0.11127            0.8357
          0.111409          0.835722
          0.111548          0.835743
          0.111686          0.835764
          0.111825          0.835785
          0.111964          0.835805
          0.112103          0.835826
          0.112241          0.835845
           0.11238          0.835865
          0.112519          0.835884
          0.112657          0.835903
          0.112796          0.835921
          0.112935           0.83594
          0.113073          0.835958
          0.113212          0.835976
          0.113351          0.835993
          0.113489           0.83601
          0.113628          0.836027
          0.113767          0.836044
          0.113906           0.83606
          0.114044          0.836076
          0.114183          0.836092
          0.114322          0.836108
           0.11446          0.836124
          0.114599          0.836139
          0.114738          0.836154
          0.114876          0.836168
          0.115015          0.836183
          0.115154          0.836197
          0.115292          0.836211
          0.115431          0.836225
           0.11557          0.836239
          0.115709          0.836252
          0.115847          0.836265
          0.115986          0.836278
          0.116125          0.836291
          0.116263          0.836303
          0.116402          0.836316
          0.116541          0.836328
          0.116679           0.83634
          0.116818          0.836351
          0.116957          0.836363
          0.117095          0.836374
          0.117234          0.836386
          0.117373          0.836396
          0.117512          0.836407
           0.11765          0.836418
          0.117789          0.836428
          0.117928          0.836439
          0.118066          0.836449
          0.118205          0.836459
          0.118344          0.836469
          0.118482          0.836478
          0.118621          0.836488
           0.11876          0.836497
          0.118899          0.836506
          0.119037          0.836515
          0.119176          0.836524
          0.119315          0.836533
          0.119453          0.836541
          0.119592           0.83655
          0.119731          0.836558
          0.119869          0.836566
          0.120008          0.836574
          0.120147          0.836582
          0.120286          0.836589
          0.120424          0.836597
          0.120563          0.836604
          0.120702          0.836612
           0.12084          0.836619
          0.120979          0.836626
          0.121118          0.836633
          0.121257           0.83664
          0.121395          0.836646
          0.121534          0.836653
          0.121673          0.836659
          0.121811          0.836666
           0.12195          0.836672
          0.122089          0.836678
          0.122227          0.836684
          0.122366           0.83669
          0.122505          0.836696
          0.122644          0.836702
          0.122782          0.836707
          0.122921          0.836713
           0.12306          0.836718
          0.123198          0.836723
          0.123337          0.836729
          0.123476          0.836734
          0.123614          0.836739
          0.123753          0.836744
          0.123892          0.836748
          0.124031          0.836753
          0.124169          0.836758
          0.124308          0.836762
          0.124447          0.836767
          0.124585          0.836771
          0.124724          0.836776
          0.124863           0.83678
          0.125002          0.836784
           0.12514          0.836788
          0.125279          0.836792
          0.125418          0.836796
          0.125556            0.8368
          0.125695          0.836803
          0.125834          0.836807
          0.125972          0.836811
          0.126111          0.836814
           0.12625          0.836818
          0.126389          0.836821
          0.126527          0.836825
          0.126666          0.836828
          0.126805          0.836831
          0.126943          0.836834
          0.127082          0.836837
          0.127221           0.83684
          0.127359          0.836843
          0.127498          0.836846
          0.127637          0.836849
          0.127776          0.836852
          0.127914          0.836855
          0.128053          0.836857
          0.128192           0.83686
           0.12833          0.836863
          0.128469          0.836865
          0.128608          0.836868
          0.128747           0.83687
          0.128885          0.836872
          0.129024          0.836875
          0.129163          0.836877
          0.129301          0.836879
           0.12944          0.836881
          0.129579          0.836884
          0.129717          0.836886
          0.129856          0.836888
          0.129995           0.83689
          0.130134          0.836892
          0.130272          0.836894
          0.130411          0.836895
           0.13055          0.836897
          0.130688          0.836899
          0.130827          0.836901
          0.130966          0.836902
          0.131105          0.836904
          0.131243          0.836906
          0.131382          0.836907
          0.131521          0.836909
          0.131659           0.83691
          0.131798          0.836912
          0.131937          0.836913
          0.132076          0.836915
          0.132214          0.836916
          0.132353          0.836918
          0.132492          0.836919
           0.13263           0.83692
          0.132769          0.836921
          0.132908          0.836923
          0.133046          0.836924
          0.133185          0.836925
          0.133324          0.836926
          0.133463          0.836927
          0.133601          0.836928
           0.13374          0.836929
          0.133879           0.83693
          0.134017          0.836931
          0.134156          0.836932
          0.134295          0.836933
          0.134434          0.836934
          0.134572          0.836935
          0.134711          0.836936
           0.13485          0.836937
          0.134988          0.836938
          0.135127          0.836939
          0.135266          0.836939
          0.135404           0.83694
          0.135543          0.836941
          0.135682          0.836942
          0.135821          0.836942
          0.135959          0.836943
          0.136098          0.836944
          0.136237          0.836944
          0.136375          0.836945
          0.136514          0.836946
          0.136653          0.836946
          0.136792          0.836947
           0.13693          0.836947
          0.137069          0.836948
          0.137208          0.836948
          0.137346          0.836949
          0.137485          0.836949
          0.137624           0.83695
          0.137763           0.83695
          0.137901          0.836951
           0.13804          0.836951
          0.138179          0.836952
          0.138317          0.836952
          0.138456          0.836952
          0.138595          0.836953
          0.138733          0.836953
          0.138872          0.836953
          0.139011          0.836954
           0.13915          0.836954
          0.139288          0.836954
          0.139427          0.836955
          0.139566          0.836955
          0.139704          0.836955
          0.139843          0.836956
          0.139982          0.836956
          0.140121          0.836956
          0.140259          0.836956
          0.140398          0.836956
          0.140537          0.836957
          0.140675          0.836957
          0.140814          0.836957
          0.140953          0.836957
          0.141092          0.836957
           0.14123          0.836958
          0.141369          0.836958
          0.141508          0.836958
          0.141646          0.836958
          0.141785          0.836958
          0.141924          0.836958
          0.142062          0.836958
          0.142201          0.836958
           0.14234          0.836958
          0.142479          0.836959
          0.142617          0.836959
          0.142756          0.836959
          0.142895          0.836959
          0.143033          0.836959
          0.143172          0.836959
          0.143311          0.836959
           0.14345          0.836959
          0.143588          0.836959
          0.143727          0.836959
          0.143866          0.836959
          0.144004          0.836959
          0.144143          0.836959
          0.144282          0.836959
           0.14442          0.836959
          0.144559          0.836959
          0.144698          0.836959
          0.144837          0.836959
          0.144975          0.836959
          0.145114          0.836959
          0.145253          0.836959
          0.145391          0.836959
           0.14553          0.836959
          0.145669          0.836959
          0.145808          0.836959
          0.145946          0.836959
          0.146085          0.836959
          0.146224          0.836959
          0.146362          0.836958
          0.146501          0.836958
           0.14664          0.836958
          0.146779          0.836958
          0.146917          0.836958
          0.147056          0.836958
          0.147195          0.836958
          0.147333          0.836958
          0.147472          0.836958
          0.147611          0.836958
          0.147749          0.836958
          0.147888          0.836958
          0.148027          0.836957
          0.148166          0.836957
          0.148304          0.836957
          0.148443          0.836957
          0.148582          0.836957
           0.14872          0.836957
          0.148859          0.836957
          0.148998          0.836957
          0.149137          0.836957
          0.149275          0.836956
          0.149414          0.836956
          0.149553          0.836956
          0.149691          0.836956
           0.14983          0.836956
          0.149969          0.836956
          0.150108          0.836956
          0.150246          0.836956
          0.150385          0.836955
          0.150524          0.836955
          0.150662          0.836955
          0.150801          0.836955
           0.15094          0.836955
          0.151078          0.836955
          0.151217          0.836955
          0.151356          0.836954
          0.151495          0.836954
          0.151633          0.836954
          0.151772          0.836954
          0.151911          0.836954
          0.152049          0.836954
          0.152188          0.836954
          0.152327          0.836953
          0.152466          0.836953
          0.152604          0.836953
          0.152743          0.836953
          0.152882          0.836953
           0.15302          0.836953
          0.153159          0.836953
          0.153298          0.836952
          0.153437          0.836952
          0.153575          0.836952
          0.153714          0.836952
          0.153853          0.836952
          0.153991          0.836952
           0.15413          0.836951
          0.154269          0.836951
          0.154407          0.836951
          0.154546          0.836951
          0.154685          0.836951
          0.154824          0.836951
          0.154962          0.836951
          0.155101           0.83695
           0.15524           0.83695
          0.155378           0.83695
          0.155517           0.83695
          0.155656           0.83695
          0.155795           0.83695
          0.155933          0.836949
          0.156072          0.836949
          0.156211          0.836949
          0.156349          0.836949
          0.156488          0.836949
          0.156627          0.836949
          0.156765          0.836949
          0.156904          0.836948
          0.157043          0.836948
          0.157182          0.836948
           0.15732          0.836948
          0.157459          0.836948
          0.157598          0.836948
          0.157736          0.836948
          0.157875          0.836947
          0.158014          0.836947
          0.158153          0.836947
          0.158291          0.836947
           0.15843          0.836947
          0.158569          0.836947
          0.158707          0.836947
          0.158846          0.836946
          0.158985          0.836946
          0.159124          0.836946
          0.159262          0.836946
          0.159401          0.836946
           0.15954          0.836946
          0.159678          0.836945
          0.159817          0.836945
          0.159956          0.836945
          0.160094          0.836945
          0.160233          0.836945
          0.160372          0.836945
          0.160511          0.836945
          0.160649          0.836945
          0.160788          0.836944
          0.160927          0.836944
          0.161065          0.836944
          0.161204          0.836944
          0.161343          0.836944
          0.161482          0.836944
           0.16162          0.836944
          0.161759          0.836943
          0.161898          0.836943
          0.162036          0.836943
          0.162175          0.836943
          0.162314          0.836943
          0.162453          0.836943
          0.162591          0.836943
           0.16273          0.836943
          0.162869          0.836942
          0.163007          0.836942
          0.163146          0.836942
          0.163285          0.836942
          0.163423          0.836942
          0.163562          0.836942
          0.163701          0.836942
           0.16384          0.836941
          0.163978          0.836941
          0.164117          0.836941
          0.164256          0.836941
          0.164394          0.836941
          0.164533          0.836941
          0.164672          0.836941
          0.164811          0.836941
          0.164949          0.836941
          0.165088           0.83694
          0.165227           0.83694
          0.165365           0.83694
          0.165504           0.83694
          0.165643           0.83694
          0.165781           0.83694
           0.16592           0.83694
          0.166059           0.83694
          0.166198          0.836939
          0.166336          0.836939
          0.166475          0.836939
          0.166614          0.836939
          0.166752          0.836939
          0.166891          0.836939
           0.16703          0.836939
          0.167169          0.836939
          0.167307          0.836939
          0.167446          0.836938
          0.167585          0.836938
          0.167723          0.836938
          0.167862          0.836938
          0.168001          0.836938
           0.16814          0.836938
          0.168278          0.836938
          0.168417          0.836938
          0.168556          0.836938
          0.168694          0.836938
          0.168833          0.836937
          0.168972          0.836937
           0.16911          0.836937
          0.169249          0.836937
          0.169388          0.836937
          0.169527          0.836937
          0.169665          0.836937
          0.169804          0.836937
          0.169943          0.836937
          0.170081          0.836936
           0.17022          0.836936
          0.170359          0.836936
          0.170498          0.836936
          0.170636          0.836936
          0.170775          0.836936
          0.170914          0.836936
          0.171052          0.836936
          0.171191          0.836936
           0.17133          0.836936
          0.171468          0.836936
          0.171607          0.836935
          0.171746          0.836935
          0.171885          0.836935
          0.172023          0.836935
          0.172162          0.836935
          0.172301          0.836935
          0.172439          0.836935
          0.172578          0.836935
          0.172717          0.836935
          0.172856          0.836935
          0.172994          0.836935
          0.173133          0.836934
          0.173272          0.836934
           0.17341          0.836934
          0.173549          0.836934
          0.173688          0.836934
          0.173827          0.836934
          0.173965          0.836934
          0.174104          0.836934
          0.174243          0.836934
          0.174381          0.836934
           0.17452          0.836934
          0.174659          0.836933
          0.174797          0.836933
          0.174936          0.836933
          0.175075          0.836933
          0.175214          0.836933
          0.175352          0.836933
          0.175491          0.836933
           0.17563          0.836933
          0.175768          0.836933
          0.175907          0.836933
          0.176046          0.836933
          0.176185          0.836932
          0.176323          0.836932
          0.176462          0.836932
          0.176601          0.836932
          0.176739          0.836932
          0.176878          0.836932
          0.177017          0.836932
          0.177156          0.836932
          0.177294          0.836932
          0.177433          0.836932
          0.177572          0.836932
           0.17771          0.836931
          0.177849          0.836931
          0.177988          0.836931
          0.178126          0.836931
          0.178265          0.836931
          0.178404          0.836931
          0.178543          0.836931
          0.178681          0.836931
           0.17882          0.836931
          0.178959          0.836931
          0.179097          0.836931
